      1.0000	      0.0100	      0.0500	      7.5006	      0.1000	      0.0500	     15.1999	      0.0500	      4.3384
      0.9983	      0.0200	      0.0993	      7.4996	      0.2000	      0.0999	     15.1990	      0.1000	      4.3863
      0.9949	      0.0299	      0.1472	      7.4971	      0.3000	      0.1497	     15.1972	      0.1500	      4.4323
      0.9898	      0.0398	      0.1930	      7.4930	      0.3998	      0.1991	     15.1946	      0.2000	      4.4762
      0.9831	      0.0497	      0.2363	      7.4874	      0.4997	      0.2483	     15.1911	      0.2499	      4.5182
      0.9749	      0.0594	      0.2764	      7.4803	      0.5994	      0.2970	     15.1869	      0.2999	      4.5583
      0.9651	      0.0691	      0.3131	      7.4717	      0.6989	      0.3453	     15.1819	      0.3498	      4.5963
      0.9539	      0.0786	      0.3459	      7.4615	      0.7984	      0.3929	     15.1761	      0.3998	      4.6325
      0.9414	      0.0881	      0.3746	      7.4499	      0.8977	      0.4400	     15.1696	      0.4497	      4.6667
      0.9275	      0.0974	      0.3989	      7.4368	      0.9968	      0.4863	     15.1623	      0.4996	      4.6990
      0.9123	      0.1066	      0.4187	      7.4222	      1.0957	      0.5318	     15.1542	      0.5494	      4.7295
      0.8959	      0.1156	      0.4337	      7.4062	      1.1944	      0.5765	     15.1454	      0.5993	      4.7580
      0.8782	      0.1245	      0.4440	      7.3888	      1.2929	      0.6202	     15.1359	      0.6491	      4.7846
      0.8594	      0.1333	      0.4494	      7.3700	      1.3911	      0.6630	     15.1257	      0.6988	      4.8094
      0.8395	      0.1418	      0.4498	      7.3497	      1.4890	      0.7047	     15.1147	      0.7486	      4.8322
      0.8185	      0.1502	      0.4453	      7.3281	      1.5867	      0.7454	     15.1031	      0.7983	      4.8533
      0.7963	      0.1583	      0.4359	      7.3052	      1.6841	      0.7849	     15.0907	      0.8479	      4.8724
      0.7731	      0.1663	      0.4215	      7.2809	      1.7812	      0.8233	     15.0776	      0.8976	      4.8897
      0.7488	      0.1740	      0.4023	      7.2554	      1.8780	      0.8605	     15.0639	      0.9472	      4.9052
      0.7234	      0.1814	      0.3783	      7.2285	      1.9744	      0.8964	     15.0495	      0.9967	      4.9188
      0.6970	      0.1886	      0.3497	      7.2004	      2.0705	      0.9310	     15.0343	      1.0462	      4.9306
      0.6695	      0.1955	      0.3167	      7.1711	      2.1662	      0.9643	     15.0185	      1.0957	      4.9405
      0.6409	      0.2021	      0.2795	      7.1405	      2.2616	      0.9962	     15.0020	      1.1451	      4.9485
      0.6113	      0.2084	      0.2384	      7.1087	      2.3566	      1.0267	     14.9849	      1.1944	      4.9548
      0.5807	      0.2143	      0.1939	      7.0757	      2.4512	      1.0559	     14.9670	      1.2437	      4.9592
      0.5490	      0.2198	      0.1465	      7.0416	      2.5454	      1.0836	     14.9485	      1.2929	      4.9617
      0.5163	      0.2249	      0.0967	      7.0063	      2.6391	      1.1098	     14.9293	      1.3421	      4.9624
      0.4825	      0.2296	      0.0452	      6.9699	      2.7325	      1.1346	     14.9094	      1.3912	      4.9612
      0.4478	      0.2338	     -0.0070	      6.9324	      2.8254	      1.1579	     14.8889	      1.4403	      4.9582
      0.4122	      0.2376	     -0.0591	      6.8938	      2.9179	      1.1797	     14.8677	      1.4893	      4.9533
      0.3758	      0.2409	     -0.1101	      6.8542	      3.0099	      1.2000	     14.8458	      1.5382	      4.9466
      0.3387	      0.2437	     -0.1592	      6.8134	      3.1014	      1.2188	     14.8232	      1.5871	      4.9379
      0.3010	      0.2462	     -0.2057	      6.7716	      3.1925	      1.2360	     14.7999	      1.6358	      4.9274
      0.2628	      0.2483	     -0.2489	      6.7288	      3.2831	      1.2517	     14.7759	      1.6845	      4.9150
      0.2243	      0.2501	     -0.2883	      6.6850	      3.3732	      1.2658	     14.7513	      1.7332	      4.9007
      0.1856	      0.2518	     -0.3234	      6.6402	      3.4628	      1.2784	     14.7259	      1.7817	      4.8845
      0.1467	      0.2534	     -0.3540	      6.5944	      3.5519	      1.2894	     14.6999	      1.8302	      4.8664
      0.1076	      0.2549	     -0.3798	      6.5476	      3.6404	      1.2988	     14.6731	      1.8785	      4.8463
      0.0684	      0.2563	     -0.4005	      6.4999	      3.7285	      1.3067	     14.6456	      1.9268	      4.8243
      0.0290	      0.2576	     -0.4162	      6.4512	      3.8159	      1.3130	     14.6174	      1.9750	      4.8003
     -0.0105	      0.2585	     -0.4265	      6.4016	      3.9028	      1.3177	     14.5885	      2.0231	      4.7744
     -0.0499	      0.2589	     -0.4316	      6.3510	      3.9892	      1.3208	     14.5588	      2.0711	      4.7464
     -0.0891	      0.2586	     -0.4314	      6.2995	      4.0750	      1.3224	     14.5284	      2.1189	      4.7165
     -0.1279	      0.2576	     -0.4258	      6.2471	      4.1601	      1.3223	     14.4972	      2.1667	      4.6845
     -0.1663	      0.2558	     -0.4149	      6.1938	      4.2447	      1.3207	     14.4652	      2.2143	      4.6504
     -0.2042	      0.2535	     -0.3988	      6.1396	      4.3287	      1.3176	     14.4325	      2.2619	      4.6144
     -0.2415	      0.2506	     -0.3776	      6.0845	      4.4120	      1.3128	     14.3990	      2.3093	      4.5762
     -0.2782	      0.2471	     -0.3515	      6.0286	      4.4947	      1.3065	     14.3646	      2.3566	      4.5359
     -0.3143	      0.2431	     -0.3206	      5.9717	      4.5767	      1.2987	     14.3295	      2.4037	      4.4934
     -0.3497	      0.2386	     -0.2853	      5.9140	      4.6581	      1.2892	     14.2935	      2.4507	      4.4489
     -0.3844	      0.2336	     -0.2458	      5.8554	      4.7388	      1.2783	     14.2567	      2.4975	      4.4021
     -0.4183	      0.2282	     -0.2026	      5.7960	      4.8188	      1.2657	     14.2190	      2.5443	      4.3531
     -0.4513	      0.2223	     -0.1562	      5.7357	      4.8981	      1.2517	     14.1804	      2.5908	      4.3019
     -0.4834	      0.2159	     -0.1072	      5.6745	      4.9767	      1.2361	     14.1409	      2.6372	      4.2484
     -0.5145	      0.2091	     -0.0565	      5.6125	      5.0545	      1.2190	     14.1005	      2.6834	      4.1927
     -0.5444	      0.2018	     -0.0048	      5.5497	      5.1315	      1.2004	     14.0591	      2.7294	      4.1346
     -0.5732	      0.1941	      0.0470	      5.4860	      5.2078	      1.1803	     14.0168	      2.7753	      4.0742
     -0.6008	      0.1860	      0.0980	      5.4215	      5.2833	      1.1587	     13.9735	      2.8209	      4.0114
     -0.6271	      0.1775	      0.1474	      5.3562	      5.3580	      1.1357	     13.9291	      2.8663	      3.9462
     -0.6523	      0.1687	      0.1945	      5.2900	      5.4318	      1.1112	     13.8837	      2.9116	      3.8785
     -0.6762	      0.1596	      0.2387	      5.2230	      5.5048	      1.0853	     13.8373	      2.9565	      3.8084
     -0.6990	      0.1502	      0.2794	      5.1552	      5.5770	      1.0580	     13.7897	      3.0013	      3.7357
     -0.7206	      0.1405	      0.3164	      5.0865	      5.6482	      1.0293	     13.7410	      3.0458	      3.6605
     -0.7410	      0.1306	      0.3492	      5.0171	      5.7185	      0.9992	     13.6911	      3.0901	      3.5828
     -0.7603	      0.1205	      0.3776	      4.9468	      5.7879	      0.9678	     13.6400	      3.1341	      3.5024
     -0.7785	      0.1102	      0.4015	      4.8757	      5.8564	      0.9351	     13.5877	      3.1777	      3.4194
     -0.7956	      0.0998	      0.4206	      4.8038	      5.9239	      0.9012	     13.5340	      3.2211	      3.3338
     -0.8115	      0.0892	      0.4348	      4.7311	      5.9904	      0.8659	     13.4791	      3.2642	      3.2454
     -0.8263	      0.0785	      0.4442	      4.6576	      6.0559	      0.8295	     13.4228	      3.3070	      3.1543
     -0.8400	      0.0677	      0.4486	      4.5833	      6.1203	      0.7919	     13.3650	      3.3494	      3.0605
     -0.8526	      0.0568	      0.4481	      4.5082	      6.1837	      0.7532	     13.3058	      3.3914	      2.9639
     -0.8640	      0.0459	      0.4426	      4.4324	      6.2460	      0.7134	     13.2451	      3.4330	      2.8645
     -0.8743	      0.0348	      0.4322	      4.3557	      6.3072	      0.6726	     13.1828	      3.4743	      2.7623
     -0.8833	      0.0238	      0.4170	      4.2783	      6.3673	      0.6308	     13.1189	      3.5151	      2.6573
     -0.8912	      0.0126	      0.3971	      4.2001	      6.4263	      0.5881	     13.0533	      3.5554	      2.5495
     -0.8978	      0.0015	      0.3726	      4.1211	      6.4840	      0.5445	     12.9859	      3.5953	      2.4389
     -0.9031	     -0.0096	      0.3437	      4.0414	      6.5406	      0.5000	     12.9167	      3.6347	      2.3254
     -0.9071	     -0.0207	      0.3106	      3.9609	      6.5960	      0.4548	     12.8456	      3.6735	      2.2092
     -0.9097	     -0.0318	      0.2736	      3.8798	      6.6502	      0.4089	     12.7726	      3.7118	      2.0902
     -0.9109	     -0.0428	      0.2330	      3.7978	      6.7031	      0.3624	     12.6976	      3.7495	      1.9685
     -0.9105	     -0.0538	      0.1894	      3.7152	      6.7548	      0.3154	     12.6205	      3.7866	      1.8441
     -0.9087	     -0.0647	      0.1431	      3.6319	      6.8052	      0.2678	     12.5412	      3.8230	      1.7171
     -0.9053	     -0.0754	      0.0947	      3.5479	      6.8543	      0.2198	     12.4597	      3.8587	      1.5876
     -0.9002	     -0.0861	      0.0450	      3.4632	      6.9021	      0.1715	     12.3758	      3.8938	      1.4556
     -0.8935	     -0.0965	     -0.0054	      3.3778	      6.9486	      0.1229	     12.2896	      3.9280	      1.3213
     -0.8852	     -0.1068	     -0.0557	      3.2918	      6.9937	      0.0741	     12.2009	      3.9615	      1.1849
     -0.8753	     -0.1169	     -0.1052	      3.2052	      7.0375	      0.0252	     12.1096	      3.9942	      1.0463
     -0.8639	     -0.1268	     -0.1531	      3.1180	      7.0800	     -0.0237	     12.0157	      4.0260	      0.9060
     -0.8509	     -0.1365	     -0.1988	      3.0301	      7.1211	     -0.0726	     11.9192	      4.0569	      0.7640
     -0.8365	     -0.1459	     -0.2417	      2.9417	      7.1609	     -0.1214	     11.8199	      4.0868	      0.6205
     -0.8207	     -0.1551	     -0.2814	      2.8527	      7.1993	     -0.1700	     11.7178	      4.1158	      0.4758
     -0.8036	     -0.1641	     -0.3173	      2.7632	      7.2364	     -0.2183	     11.6128	      4.1438	      0.3301
     -0.7852	     -0.1728	     -0.3492	      2.6732	      7.2720	     -0.2663	     11.5049	      4.1708	      0.1838
     -0.7657	     -0.1812	     -0.3768	      2.5827	      7.3064	     -0.3139	     11.3941	      4.1966	      0.0371
     -0.7451	     -0.1894	     -0.3998	      2.4917	      7.3393	     -0.3610	     11.2802	      4.2214	     -0.1097
     -0.7234	     -0.1973	     -0.4180	      2.4002	      7.3709	     -0.4075	     11.1634	      4.2451	     -0.2563
     -0.7006	     -0.2049	     -0.4314	      2.3083	      7.4012	     -0.4534	     11.0435	      4.2676	     -0.4023
     -0.6770	     -0.2123	     -0.4398	      2.2159	      7.4301	     -0.4987	     10.9206	      4.2889	     -0.5474
     -0.6523	     -0.2193	     -0.4431	      2.1232	      7.4577	     -0.5432	     10.7947	      4.3090	     -0.6912
     -0.6268	     -0.2261	     -0.4414	      2.0301	      7.4839	     -0.5869	     10.6658	      4.3280	     -0.8334
     -0.6004	     -0.2325	     -0.4346	      1.9366	      7.5088	     -0.6298	     10.5339	      4.3457	     -0.9737
     -0.5732	     -0.2387	     -0.4227	      1.8428	      7.5324	     -0.6717	     10.3990	      4.3622	     -1.1118
     -0.5452	     -0.2444	     -0.4057	      1.7487	      7.5547	     -0.7127	     10.2612	      4.3775	     -1.2473
     -0.5164	     -0.2499	     -0.3839	      1.6543	      7.5758	     -0.7527	     10.1206	      4.3916	     -1.3799
     -0.4868	     -0.2549	     -0.3571	      1.5596	      7.5955	     -0.7917	      9.9772	      4.4044	     -1.5093
     -0.4566	     -0.2596	     -0.3258	      1.4646	      7.6140	     -0.8296	      9.8310	      4.4161	     -1.6353
     -0.4256	     -0.2639	     -0.2900	      1.3694	      7.6312	     -0.8663	      9.6821	      4.4265	     -1.7576
     -0.3939	     -0.2678	     -0.2501	      1.2740	      7.6472	     -0.9019	      9.5306	      4.4357	     -1.8760
     -0.3615	     -0.2712	     -0.2065	      1.1784	      7.6619	     -0.9363	      9.3765	      4.4438	     -1.9902
     -0.3286	     -0.2742	     -0.1596	      1.0826	      7.6755	     -0.9694	      9.2200	      4.4506	     -2.1000
     -0.2950	     -0.2767	     -0.1100	      0.9866	      7.6878	     -1.0013	      9.0610	      4.4563	     -2.2053
     -0.2609	     -0.2787	     -0.0586	      0.8904	      7.6990	     -1.0320	      8.8997	      4.4609	     -2.3059
     -0.2263	     -0.2802	     -0.0060	      0.7942	      7.7089	     -1.0613	      8.7361	      4.4643	     -2.4016
     -0.1913	     -0.2813	      0.0466	      0.6978	      7.7177	     -1.0893	      8.5703	      4.4665	     -2.4922
     -0.1559	     -0.2819	      0.0984	      0.6013	      7.7254	     -1.1160	      8.4024	      4.4677	     -2.5777
     -0.1203	     -0.2821	      0.1484	      0.5047	      7.7319	     -1.1413	      8.2324	      4.4677	     -2.6578
     -0.0844	     -0.2819	      0.1958	      0.4080	      7.7373	     -1.1652	      8.0603	      4.4667	     -2.7326
     -0.0484	     -0.2814	      0.2400	      0.3113	      7.7415	     -1.1878	      7.8863	      4.4645	     -2.8018
     -0.0122	     -0.2805	      0.2804	      0.2145	      7.7447	     -1.2089	      7.7104	      4.4613	     -2.8654
      0.0240	     -0.2791	      0.3166	      0.1177	      7.7467	     -1.2287	      7.5326	      4.4570	     -2.9232
      0.0601	     -0.2771	      0.3484	      0.0209	      7.7477	     -1.2470	      7.3531	      4.4517	     -2.9752
      0.0961	     -0.2745	      0.3753	     -0.0759	      7.7476	     -1.2639	      7.1718	      4.4453	     -3.0213
      0.1318	     -0.2713	      0.3973	     -0.1727	      7.7464	     -1.2793	      6.9887	      4.4378	     -3.0613
      0.1671	     -0.2674	      0.4142	     -0.2695	      7.7441	     -1.2933	      6.8040	      4.4292	     -3.0953
      0.2020	     -0.2630	      0.4258	     -0.3662	      7.7408	     -1.3058	      6.6177	      4.4196	     -3.1230
      0.2364	     -0.2580	      0.4322	     -0.4629	      7.7365	     -1.3169	      6.4297	      4.4089	     -3.1443
      0.2703	     -0.2525	      0.4333	     -0.5595	      7.7311	     -1.3265	      6.2402	      4.3972	     -3.1592
      0.3036	     -0.2465	      0.4292	     -0.6561	      7.7246	     -1.3347	      6.0492	      4.3844	     -3.1676
      0.3364	     -0.2401	      0.4197	     -0.7526	      7.7171	     -1.3414	      5.8566	      4.3705	     -3.1693
      0.3686	     -0.2333	      0.4051	     -0.8489	      7.7086	     -1.3466	      5.6626	      4.3554	     -3.1642
      0.4001	     -0.2261	      0.3855	     -0.9452	      7.6991	     -1.3503	      5.4671	      4.3393	     -3.1522
      0.4309	     -0.2185	      0.3609	     -1.0413	      7.6886	     -1.3526	      5.2701	      4.3220	     -3.1331
      0.4610	     -0.2105	      0.3315	     -1.1373	      7.6770	     -1.3534	      5.0718	      4.3035	     -3.1067
      0.4903	     -0.2022	      0.2977	     -1.2332	      7.6645	     -1.3528	      4.8720	      4.2839	     -3.0730
      0.5187	     -0.1935	      0.2597	     -1.3288	      7.6509	     -1.3506	      4.6708	      4.2630	     -3.0317
      0.5461	     -0.1845	      0.2179	     -1.4243	      7.6363	     -1.3470	      4.4683	      4.2409	     -2.9827
      0.5725	     -0.1751	      0.1729	     -1.5197	      7.6207	     -1.3419	      4.2644	      4.2174	     -2.9258
      0.5979	     -0.1653	      0.1252	     -1.6148	      7.6041	     -1.3354	      4.0591	      4.1927	     -2.8607
      0.6220	     -0.1553	      0.0754	     -1.7097	      7.5865	     -1.3274	      3.8524	      4.1665	     -2.7872
      0.6448	     -0.1449	      0.0244	     -1.8043	      7.5678	     -1.3180	      3.6444	      4.1389	     -2.7052
      0.6664	     -0.1342	     -0.0270	     -1.8988	      7.5482	     -1.3071	      3.4351	      4.1098	     -2.6143
      0.6866	     -0.1233	     -0.0780	     -1.9930	      7.5275	     -1.2947	      3.2244	      4.0790	     -2.5144
      0.7055	     -0.1121	     -0.1277	     -2.0869	      7.5059	     -1.2810	      3.0124	      4.0466	     -2.4052
      0.7230	     -0.1007	     -0.1754	     -2.1805	      7.4832	     -1.2658	      2.7990	      4.0124	     -2.2864
      0.7392	     -0.0891	     -0.2205	     -2.2738	      7.4595	     -1.2492	      2.5843	      3.9764	     -2.1580
      0.7541	     -0.0774	     -0.2624	     -2.3668	      7.4347	     -1.2311	      2.3683	      3.9383	     -2.0195
      0.7677	     -0.0655	     -0.3008	     -2.4595	      7.4090	     -1.2117	      2.1510	      3.8981	     -1.8710
      0.7801	     -0.0536	     -0.3351	     -2.5519	      7.3822	     -1.1909	      1.9324	      3.8557	     -1.7123
      0.7913	     -0.0415	     -0.3653	     -2.6439	      7.3544	     -1.1687	      1.7125	      3.8107	     -1.5434
      0.8014	     -0.0294	     -0.3910	     -2.7355	      7.3255	     -1.1451	      1.4914	      3.7631	     -1.3644
      0.8102	     -0.0173	     -0.4120	     -2.8267	      7.2956	     -1.1202	      1.2691	      3.7126	     -1.1756
      0.8180	     -0.0051	     -0.4282	     -2.9175	      7.2646	     -1.0940	      1.0457	      3.6590	     -0.9775
      0.8246	      0.0071	     -0.4396	     -3.0079	      7.2326	     -1.0664	      0.8213	      3.6020	     -0.7710
      0.8300	      0.0193	     -0.4461	     -3.0978	      7.1995	     -1.0376	      0.5959	      3.5414	     -0.5571
      0.8344	      0.0314	     -0.4476	     -3.1873	      7.1653	     -1.0075	      0.3698	      3.4769	     -0.3376
      0.8376	      0.0435	     -0.4441	     -3.2763	      7.1301	     -0.9761	      0.1432	      3.4082	     -0.1143
      0.8397	      0.0556	     -0.4357	     -3.3648	      7.0938	     -0.9436	     -0.0836	      3.3354	      0.1102
      0.8407	      0.0676	     -0.4225	     -3.4528	      7.0563	     -0.9098	     -0.3105	      3.2583	      0.3335
      0.8405	      0.0794	     -0.4044	     -3.5403	      7.0178	     -0.8749	     -0.5370	      3.1771	      0.5529
      0.8391	      0.0912	     -0.3816	     -3.6272	      6.9782	     -0.8388	     -0.7629	      3.0919	      0.7663
      0.8365	      0.1028	     -0.3543	     -3.7135	      6.9375	     -0.8017	     -0.9880	      3.0031	      0.9719
      0.8326	      0.1143	     -0.3227	     -3.7993	      6.8957	     -0.7635	     -1.2119	      2.9109	      1.1681
      0.8275	      0.1256	     -0.2870	     -3.8844	      6.8528	     -0.7243	     -1.4346	      2.8155	      1.3541
      0.8211	      0.1367	     -0.2475	     -3.9689	      6.8087	     -0.6841	     -1.6557	      2.7172	      1.5292
      0.8133	      0.1476	     -0.2047	     -4.0527	      6.7635	     -0.6430	     -1.8752	      2.6162	      1.6930
      0.8041	      0.1583	     -0.1590	     -4.1359	      6.7172	     -0.6010	     -2.0928	      2.5128	      1.8453
      0.7935	      0.1686	     -0.1110	     -4.2183	      6.6698	     -0.5582	     -2.3084	      2.4071	      1.9861
      0.7814	      0.1787	     -0.0612	     -4.3001	      6.6212	     -0.5146	     -2.5220	      2.2994	      2.1153
      0.7679	      0.1884	     -0.0106	     -4.3811	      6.5715	     -0.4702	     -2.7334	      2.1899	      2.2331
      0.7529	      0.1977	      0.0403	     -4.4613	      6.5207	     -0.4252	     -2.9427	      2.0787	      2.3397
      0.7365	      0.2067	      0.0905	     -4.5408	      6.4687	     -0.3796	     -3.1498	      1.9661	      2.4353
      0.7187	      0.2153	      0.1393	     -4.6195	      6.4156	     -0.3335	     -3.3547	      1.8522	      2.5201
      0.6996	      0.2235	      0.1859	     -4.6973	      6.3614	     -0.2868	     -3.5574	      1.7371	      2.5942
      0.6792	      0.2312	      0.2298	     -4.7744	      6.3060	     -0.2398	     -3.7579	      1.6211	      2.6580
      0.6577	      0.2386	      0.2705	     -4.8505	      6.2495	     -0.1924	     -3.9563	      1.5042	      2.7116
      0.6350	      0.2456	      0.3074	     -4.9259	      6.1919	     -0.1447	     -4.1525	      1.3865	      2.7552
      0.6114	      0.2522	      0.3401	     -5.0003	      6.1332	     -0.0968	     -4.3466	      1.2681	      2.7891
      0.5868	      0.2584	      0.3685	     -5.0738	      6.0734	     -0.0487	     -4.5386	      1.1491	      2.8133
      0.5613	      0.2643	      0.3922	     -5.1465	      6.0125	     -0.0006	     -4.7285	      1.0296	      2.8281
      0.5350	      0.2697	      0.4111	     -5.2182	      5.9506	      0.0475	     -4.9162	      0.9097	      2.8336
      0.5079	      0.2748	      0.4250	     -5.2889	      5.8875	      0.0955	     -5.1017	      0.7894	      2.8299
      0.4801	      0.2794	      0.4338	     -5.3588	      5.8234	      0.1434	     -5.2851	      0.6687	      2.8173
      0.4517	      0.2837	      0.4375	     -5.4276	      5.7583	      0.1911	     -5.4663	      0.5478	      2.7959
      0.4226	      0.2876	      0.4359	     -5.4955	      5.6921	      0.2385	     -5.6453	      0.4267	      2.7656
      0.3930	      0.2911	      0.4292	     -5.5624	      5.6249	      0.2856	     -5.8220	      0.3054	      2.7268
      0.3629	      0.2943	      0.4173	     -5.6284	      5.5568	      0.3322	     -5.9964	      0.1839	      2.6795
      0.3322	      0.2970	      0.4003	     -5.6933	      5.4876	      0.3784	     -6.1683	      0.0624	      2.6237
      0.3011	      0.2993	      0.3782	     -5.7573	      5.4175	      0.4240	     -6.3378	     -0.0591	      2.5598
      0.2696	      0.3013	      0.3512	     -5.8202	      5.3465	      0.4690	     -6.5048	     -0.1805	      2.4876
      0.2377	      0.3028	      0.3195	     -5.8822	      5.2745	      0.5134	     -6.6691	     -0.3020	      2.4075
      0.2055	      0.3040	      0.2833	     -5.9431	      5.2016	      0.5570	     -6.8308	     -0.4232	      2.3195
      0.1729	      0.3047	      0.2430	     -6.0031	      5.1279	      0.5998	     -6.9896	     -0.5443	      2.2239
      0.1401	      0.3051	      0.1989	     -6.0620	      5.0533	      0.6419	     -7.1455	     -0.6652	      2.1208
      0.1070	      0.3049	      0.1516	     -6.1199	      4.9778	      0.6830	     -7.2983	     -0.7858	      2.0103
      0.0738	      0.3043	      0.1016	     -6.1768	      4.9016	      0.7232	     -7.4481	     -0.9061	      1.8929
      0.0403	      0.3032	      0.0498	     -6.2328	      4.8245	      0.7624	     -7.5945	     -1.0259	      1.7687
      0.0068	      0.3014	     -0.0029	     -6.2877	      4.7466	      0.8007	     -7.7375	     -1.1453	      1.6381
     -0.0268	      0.2989	     -0.0556	     -6.3416	      4.6680	      0.8378	     -7.8771	     -1.2642	      1.5014
     -0.0603	      0.2958	     -0.1072	     -6.3945	      4.5887	      0.8739	     -8.0130	     -1.3825	      1.3591
     -0.0937	      0.2918	     -0.1569	     -6.4464	      4.5087	      0.9089	     -8.1451	     -1.5001	      1.2115
     -0.1268	      0.2872	     -0.2039	     -6.4973	      4.4279	      0.9427	     -8.2734	     -1.6171	      1.0593
     -0.1595	      0.2819	     -0.2475	     -6.5472	      4.3465	      0.9753	     -8.3978	     -1.7333	      0.9030
     -0.1918	      0.2759	     -0.2873	     -6.5961	      4.2644	      1.0067	     -8.5181	     -1.8486	      0.7431
     -0.2237	      0.2693	     -0.3230	     -6.6441	      4.1817	      1.0368	     -8.6344	     -1.9630	      0.5804
     -0.2551	      0.2621	     -0.3541	     -6.6911	      4.0983	      1.0657	     -8.7465	     -2.0766	      0.4153
     -0.2859	      0.2545	     -0.3804	     -6.7370	      4.0144	      1.0933	     -8.8545	     -2.1891	      0.2486
     -0.3161	      0.2463	     -0.4017	     -6.7821	      3.9299	      1.1197	     -8.9584	     -2.3006	      0.0810
     -0.3458	      0.2377	     -0.4180	     -6.8261	      3.8448	      1.1446	     -9.0582	     -2.4111	     -0.0869
     -0.3749	      0.2288	     -0.4292	     -6.8692	      3.7592	      1.1683	     -9.1539	     -2.5204	     -0.2545
     -0.4034	      0.2194	     -0.4351	     -6.9113	      3.6730	      1.1906	     -9.2457	     -2.6287	     -0.4211
     -0.4312	      0.2097	     -0.4358	     -6.9524	      3.5864	      1.2115	     -9.3335	     -2.7359	     -0.5864
     -0.4583	      0.1997	     -0.4312	     -6.9926	      3.4992	      1.2310	     -9.4177	     -2.8420	     -0.7496
     -0.4847	      0.1894	     -0.4215	     -7.0318	      3.4116	      1.2492	     -9.4981	     -2.9470	     -0.9105
     -0.5104	      0.1787	     -0.4066	     -7.0700	      3.3234	      1.2659	     -9.5750	     -3.0509	     -1.0686
     -0.5352	      0.1678	     -0.3868	     -7.1073	      3.2349	      1.2812	     -9.6486	     -3.1537	     -1.2236
     -0.5593	      0.1567	     -0.3621	     -7.1437	      3.1459	      1.2951	     -9.7188	     -3.2554	     -1.3752
     -0.5824	      0.1453	     -0.3328	     -7.1791	      3.0565	      1.3076	     -9.7860	     -3.3561	     -1.5232
     -0.6045	      0.1336	     -0.2990	     -7.2135	      2.9666	      1.3186	     -9.8502	     -3.4558	     -1.6674
     -0.6257	      0.1217	     -0.2611	     -7.2470	      2.8764	      1.3282	     -9.9115	     -3.5544	     -1.8076
     -0.6457	      0.1097	     -0.2196	     -7.2795	      2.7858	      1.3364	     -9.9701	     -3.6521	     -1.9437
     -0.6646	      0.0974	     -0.1748	     -7.3110	      2.6949	      1.3431	    -10.0261	     -3.7489	     -2.0757
     -0.6822	      0.0849	     -0.1273	     -7.3416	      2.6035	      1.3483	    -10.0796	     -3.8447	     -2.2034
     -0.6985	      0.0723	     -0.0778	     -7.3713	      2.5119	      1.3521	    -10.1308	     -3.9396	     -2.3270
     -0.7135	      0.0595	     -0.0271	     -7.3999	      2.4199	      1.3545	    -10.1798	     -4.0337	     -2.4463
     -0.7270	      0.0466	      0.0240	     -7.4276	      2.3276	      1.3553	    -10.2266	     -4.1269	     -2.5613
     -0.7391	      0.0336	      0.0748	     -7.4544	      2.2350	      1.3548	    -10.2713	     -4.2193	     -2.6722
     -0.7498	      0.0206	      0.1243	     -7.4801	      2.1421	      1.3527	    -10.3141	     -4.3108	     -2.7788
     -0.7591	      0.0075	      0.1720	     -7.5049	      2.0489	      1.3492	    -10.3550	     -4.4016	     -2.8813
     -0.7670	     -0.0056	      0.2171	     -7.5287	      1.9554	      1.3442	    -10.3941	     -4.4916	     -2.9798
     -0.7736	     -0.0187	      0.2591	     -7.5515	      1.8617	      1.3378	    -10.4316	     -4.5809	     -3.0741
     -0.7789	     -0.0318	      0.2976	     -7.5733	      1.7678	      1.3299	    -10.4673	     -4.6695	     -3.1645
     -0.7829	     -0.0448	      0.3321	     -7.5941	      1.6736	      1.3206	    -10.5015	     -4.7573	     -3.2510
     -0.7858	     -0.0577	      0.3625	     -7.6138	      1.5792	      1.3098	    -10.5342	     -4.8445	     -3.3336
     -0.7874	     -0.0705	      0.3884	     -7.6326	      1.4845	      1.2975	    -10.5654	     -4.9310	     -3.4124
     -0.7880	     -0.0833	      0.4096	     -7.6503	      1.3897	      1.2838	    -10.5952	     -5.0168	     -3.4874
     -0.7874	     -0.0959	      0.4260	     -7.6670	      1.2947	      1.2687	    -10.6236	     -5.1020	     -3.5587
     -0.7857	     -0.1084	      0.4376	     -7.6826	      1.1995	      1.2522	    -10.6507	     -5.1866	     -3.6265
     -0.7829	     -0.1208	      0.4443	     -7.6972	      1.1041	      1.2342	    -10.6765	     -5.2705	     -3.6906
     -0.7791	     -0.1330	      0.4459	     -7.7107	      1.0086	      1.2148	    -10.7011	     -5.3539	     -3.7513
     -0.7742	     -0.1450	      0.4425	     -7.7231	      0.9130	      1.1940	    -10.7246	     -5.4366	     -3.8085
     -0.7682	     -0.1568	      0.4342	     -7.7344	      0.8172	      1.1718	    -10.7468	     -5.5187	     -3.8623
     -0.7612	     -0.1684	      0.4209	     -7.7447	      0.7213	      1.1483	    -10.7679	     -5.6003	     -3.9128
     -0.7531	     -0.1797	      0.4028	     -7.7538	      0.6253	      1.1233	    -10.7879	     -5.6813	     -3.9599
     -0.7440	     -0.1908	      0.3799	     -7.7617	      0.5292	      1.0971	    -10.8068	     -5.7617	     -4.0038
     -0.7337	     -0.2016	      0.3524	     -7.7686	      0.4330	      1.0695	    -10.8247	     -5.8416	     -4.0446
     -0.7224	     -0.2121	      0.3205	     -7.7742	      0.3368	      1.0405	    -10.8416	     -5.9209	     -4.0821
     -0.7099	     -0.2223	      0.2845	     -7.7787	      0.2405	      1.0103	    -10.8574	     -5.9996	     -4.1166
     -0.6963	     -0.2321	      0.2446	     -7.7820	      0.1442	      0.9788	    -10.8723	     -6.0778	     -4.1479
     -0.6814	     -0.2416	      0.2013	     -7.7841	      0.0478	      0.9461	    -10.8861	     -6.1555	     -4.1763
     -0.6654	     -0.2505	      0.1550	     -7.7850	     -0.0485	      0.9121	    -10.8991	     -6.2326	     -4.2016
     -0.6481	     -0.2591	      0.1064	     -7.7846	     -0.1449	      0.8770	    -10.9111	     -6.3092	     -4.2240
     -0.6296	     -0.2671	      0.0561	     -7.7830	     -0.2412	      0.8407	    -10.9222	     -6.3853	     -4.2434
     -0.6099	     -0.2746	      0.0049	     -7.7802	     -0.3375	      0.8033	    -10.9323	     -6.4608	     -4.2599
     -0.5890	     -0.2816	     -0.0464	     -7.7760	     -0.4337	      0.7648	    -10.9416	     -6.5358	     -4.2735
     -0.5669	     -0.2880	     -0.0970	     -7.7706	     -0.5299	      0.7252	    -10.9499	     -6.6102	     -4.2843
     -0.5436	     -0.2939	     -0.1459	     -7.7639	     -0.6260	      0.6847	    -10.9574	     -6.6842	     -4.2922
     -0.5194	     -0.2992	     -0.1926	     -7.7558	     -0.7219	      0.6431	    -10.9640	     -6.7576	     -4.2973
     -0.4942	     -0.3039	     -0.2363	     -7.7464	     -0.8178	      0.6007	    -10.9698	     -6.8304	     -4.2996
     -0.4681	     -0.3081	     -0.2765	     -7.7357	     -0.9135	      0.5574	    -10.9747	     -6.9027	     -4.2991
     -0.4413	     -0.3118	     -0.3127	     -7.7236	     -1.0090	      0.5133	    -10.9787	     -6.9745	     -4.2959
     -0.4137	     -0.3150	     -0.3447	     -7.7101	     -1.1043	      0.4685	    -10.9819	     -7.0458	     -4.2899
     -0.3855	     -0.3177	     -0.3720	     -7.6953	     -1.1995	      0.4230	    -10.9842	     -7.1165	     -4.2812
     -0.3567	     -0.3200	     -0.3946	     -7.6790	     -1.2944	      0.3768	    -10.9857	     -7.1866	     -4.2698
     -0.3275	     -0.3218	     -0.4122	     -7.6614	     -1.3892	      0.3301	    -10.9863	     -7.2562	     -4.2556
     -0.2978	     -0.3232	     -0.4247	     -7.6423	     -1.4836	      0.2829	    -10.9860	     -7.3252	     -4.2387
     -0.2677	     -0.3242	     -0.4320	     -7.6219	     -1.5778	      0.2352	    -10.9850	     -7.3937	     -4.2191
     -0.2372	     -0.3247	     -0.4341	     -7.6000	     -1.6717	      0.1872	    -10.9830	     -7.4615	     -4.1969
     -0.2064	     -0.3249	     -0.4309	     -7.5767	     -1.7652	      0.1389	    -10.9802	     -7.5288	     -4.1719
     -0.1754	     -0.3247	     -0.4224	     -7.5520	     -1.8585	      0.0904	    -10.9766	     -7.5955	     -4.1442
     -0.1442	     -0.3242	     -0.4087	     -7.5259	     -1.9514	      0.0418	    -10.9720	     -7.6616	     -4.1139
     -0.1128	     -0.3232	     -0.3899	     -7.4984	     -2.0439	     -0.0069	    -10.9666	     -7.7271	     -4.0808
     -0.0812	     -0.3219	     -0.3660	     -7.4695	     -2.1361	     -0.0556	    -10.9603	     -7.7920	     -4.0451
     -0.0494	     -0.3202	     -0.3372	     -7.4391	     -2.2278	     -0.1043	    -10.9532	     -7.8563	     -4.0066
     -0.0176	     -0.3180	     -0.3038	     -7.4073	     -2.3191	     -0.1527	    -10.9451	     -7.9199	     -3.9655
      0.0142	     -0.3153	     -0.2660	     -7.3742	     -2.4100	     -0.2009	    -10.9361	     -7.9828	     -3.9217
      0.0461	     -0.3120	     -0.2242	     -7.3397	     -2.5004	     -0.2488	    -10.9263	     -8.0451	     -3.8751
      0.0778	     -0.3080	     -0.1788	     -7.3038	     -2.5904	     -0.2963	    -10.9154	     -8.1067	     -3.8259
      0.1094	     -0.3034	     -0.1305	     -7.2665	     -2.6799	     -0.3434	    -10.9037	     -8.1676	     -3.7739
      0.1407	     -0.2981	     -0.0798	     -7.2279	     -2.7689	     -0.3900	    -10.8910	     -8.2278	     -3.7193
      0.1715	     -0.2920	     -0.0276	     -7.1879	     -2.8573	     -0.4359	    -10.8773	     -8.2872	     -3.6619
      0.2020	     -0.2851	      0.0250	     -7.1467	     -2.9453	     -0.4812	    -10.8626	     -8.3459	     -3.6017
      0.2318	     -0.2775	      0.0772	     -7.1041	     -3.0327	     -0.5257	    -10.8470	     -8.4038	     -3.5389
      0.2611	     -0.2691	      0.1280	     -7.0603	     -3.1196	     -0.5695	    -10.8303	     -8.4610	     -3.4733
      0.2897	     -0.2602	      0.1766	     -7.0152	     -3.2059	     -0.6125	    -10.8126	     -8.5173	     -3.4049
      0.3176	     -0.2507	      0.2222	     -6.9688	     -3.2916	     -0.6545	    -10.7938	     -8.5728	     -3.3338
      0.3449	     -0.2406	      0.2644	     -6.9212	     -3.3768	     -0.6956	    -10.7739	     -8.6274	     -3.2600
      0.3714	     -0.2301	      0.3026	     -6.8724	     -3.4614	     -0.7357	    -10.7529	     -8.6812	     -3.1834
      0.3973	     -0.2191	      0.3365	     -6.8225	     -3.5453	     -0.7747	    -10.7308	     -8.7340	     -3.1040
      0.4224	     -0.2078	      0.3659	     -6.7713	     -3.6287	     -0.8127	    -10.7076	     -8.7859	     -3.0220
      0.4469	     -0.1961	      0.3905	     -6.7190	     -3.7115	     -0.8495	    -10.6831	     -8.8368	     -2.9371
      0.4706	     -0.1841	      0.4101	     -6.6656	     -3.7936	     -0.8852	    -10.6575	     -8.8868	     -2.8496
      0.4935	     -0.1718	      0.4247	     -6.6111	     -3.8751	     -0.9196	    -10.6306	     -8.9357	     -2.7593
      0.5157	     -0.1593	      0.4342	     -6.5555	     -3.9560	     -0.9528	    -10.6025	     -8.9835	     -2.6663
      0.5372	     -0.1465	      0.4385	     -6.4988	     -4.0362	     -0.9847	    -10.5731	     -9.0303	     -2.5707
      0.5578	     -0.1335	      0.4376	     -6.4411	     -4.1158	     -1.0153	    -10.5423	     -9.0759	     -2.4724
      0.5776	     -0.1203	      0.4315	     -6.3824	     -4.1947	     -1.0446	    -10.5102	     -9.1203	     -2.3715
      0.5966	     -0.1069	      0.4204	     -6.3227	     -4.2730	     -1.0725	    -10.4767	     -9.1635	     -2.2680
      0.6146	     -0.0934	      0.4042	     -6.2619	     -4.3506	     -1.0991	    -10.4418	     -9.2055	     -2.1619
      0.6318	     -0.0797	      0.3831	     -6.2002	     -4.4275	     -1.1242	    -10.4054	     -9.2462	     -2.0534
      0.6480	     -0.0659	      0.3572	     -6.1376	     -4.5037	     -1.1479	    -10.3675	     -9.2856	     -1.9425
      0.6631	     -0.0520	      0.3268	     -6.0740	     -4.5793	     -1.1702	    -10.3281	     -9.3236	     -1.8291
      0.6772	     -0.0381	      0.2921	     -6.0095	     -4.6542	     -1.1910	    -10.2871	     -9.3602	     -1.7135
      0.6902	     -0.0240	      0.2534	     -5.9441	     -4.7283	     -1.2104	    -10.2445	     -9.3954	     -1.5958
      0.7020	     -0.0099	      0.2112	     -5.8779	     -4.8018	     -1.2283	    -10.2003	     -9.4290	     -1.4759
      0.7125	      0.0042	      0.1658	     -5.8107	     -4.8746	     -1.2447	    -10.1544	     -9.4611	     -1.3540
      0.7217	      0.0182	      0.1180	     -5.7428	     -4.9466	     -1.2595	    -10.1069	     -9.4916	     -1.2303
      0.7296	      0.0323	      0.0683	     -5.6739	     -5.0180	     -1.2729	    -10.0576	     -9.5205	     -1.1048
      0.7360	      0.0463	      0.0175	     -5.6043	     -5.0886	     -1.2848	    -10.0065	     -9.5477	     -0.9778
      0.7410	      0.0602	     -0.0335	     -5.5338	     -5.1585	     -1.2951	     -9.9537	     -9.5733	     -0.8493
      0.7446	      0.0740	     -0.0841	     -5.4626	     -5.2276	     -1.3039	     -9.8990	     -9.5971	     -0.7195
      0.7467	      0.0876	     -0.1333	     -5.3905	     -5.2960	     -1.3111	     -9.8425	     -9.6191	     -0.5887
      0.7474	      0.1011	     -0.1804	     -5.3177	     -5.3636	     -1.3168	     -9.7841	     -9.6392	     -0.4569
      0.7469	      0.1144	     -0.2249	     -5.2442	     -5.4304	     -1.3209	     -9.7239	     -9.6576	     -0.3244
      0.7450	      0.1275	     -0.2662	     -5.1698	     -5.4965	     -1.3235	     -9.6618	     -9.6741	     -0.1914
      0.7418	      0.1404	     -0.3039	     -5.0948	     -5.5618	     -1.3245	     -9.5978	     -9.6887	     -0.0581
      0.7375	      0.1531	     -0.3376	     -5.0190	     -5.6263	     -1.3240	     -9.5320	     -9.7014	      0.0753
      0.7321	      0.1655	     -0.3669	     -4.9425	     -5.6900	     -1.3219	     -9.4642	     -9.7121	      0.2086
      0.7256	      0.1777	     -0.3918	     -4.8653	     -5.7529	     -1.3183	     -9.3945	     -9.7209	      0.3415
      0.7180	      0.1896	     -0.4119	     -4.7874	     -5.8149	     -1.3131	     -9.3230	     -9.7278	      0.4739
      0.7093	      0.2013	     -0.4272	     -4.7088	     -5.8762	     -1.3063	     -9.2496	     -9.7327	      0.6055
      0.6997	      0.2127	     -0.4375	     -4.6295	     -5.9365	     -1.2980	     -9.1743	     -9.7357	      0.7360
      0.6891	      0.2237	     -0.4428	     -4.5496	     -5.9960	     -1.2881	     -9.0972	     -9.7367	      0.8654
      0.6776	      0.2345	     -0.4431	     -4.4690	     -6.0547	     -1.2767	     -9.0183	     -9.7358	      0.9934
      0.6651	      0.2449	     -0.4383	     -4.3877	     -6.1124	     -1.2637	     -8.9376	     -9.7330	      1.1197
      0.6517	      0.2551	     -0.4285	     -4.3058	     -6.1692	     -1.2492	     -8.8552	     -9.7282	      1.2442
      0.6374	      0.2648	     -0.4137	     -4.2232	     -6.2251	     -1.2331	     -8.7710	     -9.7216	      1.3667
      0.6222	      0.2742	     -0.3940	     -4.1400	     -6.2801	     -1.2155	     -8.6852	     -9.7131	      1.4871
      0.6061	      0.2831	     -0.3695	     -4.0562	     -6.3341	     -1.1964	     -8.5977	     -9.7027	      1.6051
      0.5890	      0.2917	     -0.3404	     -3.9717	     -6.3872	     -1.1758	     -8.5086	     -9.6906	      1.7206
      0.5711	      0.2998	     -0.3068	     -3.8867	     -6.4393	     -1.1537	     -8.4179	     -9.6766	      1.8335
      0.5522	      0.3074	     -0.2691	     -3.8010	     -6.4903	     -1.1302	     -8.3256	     -9.6608	      1.9436
      0.5324	      0.3145	     -0.2276	     -3.7147	     -6.5404	     -1.1051	     -8.2319	     -9.6434	      2.0509
      0.5116	      0.3210	     -0.1828	     -3.6279	     -6.5894	     -1.0786	     -8.1367	     -9.6242	      2.1551
      0.4899	      0.3269	     -0.1351	     -3.5404	     -6.6373	     -1.0507	     -8.0401	     -9.6033	      2.2562
      0.4672	      0.3322	     -0.0852	     -3.4524	     -6.6841	     -1.0214	     -7.9421	     -9.5807	      2.3541
      0.4436	      0.3369	     -0.0340	     -3.3638	     -6.7299	     -0.9906	     -7.8427	     -9.5566	      2.4488
      0.4191	      0.3408	      0.0179	     -3.2747	     -6.7745	     -0.9585	     -7.7420	     -9.5308	      2.5400
      0.3937	      0.3441	      0.0695	     -3.1850	     -6.8180	     -0.9251	     -7.6401	     -9.5035	      2.6278
      0.3676	      0.3466	      0.1198	     -3.0947	     -6.8603	     -0.8904	     -7.5369	     -9.4746	      2.7120
      0.3407	      0.3485	      0.1682	     -3.0039	     -6.9014	     -0.8544	     -7.4325	     -9.4442	      2.7927
      0.3132	      0.3497	      0.2138	     -2.9126	     -6.9414	     -0.8172	     -7.3269	     -9.4123	      2.8698
      0.2851	      0.3503	      0.2561	     -2.8208	     -6.9800	     -0.7787	     -7.2202	     -9.3790	      2.9431
      0.2565	      0.3503	      0.2945	     -2.7284	     -7.0174	     -0.7391	     -7.1124	     -9.3442	      3.0127
      0.2275	      0.3498	      0.3288	     -2.6356	     -7.0536	     -0.6985	     -7.0035	     -9.3080	      3.0785
      0.1982	      0.3488	      0.3585	     -2.5423	     -7.0884	     -0.6567	     -6.8936	     -9.2703	      3.1404
      0.1686	      0.3473	      0.3834	     -2.4485	     -7.1219	     -0.6139	     -6.7826	     -9.2313	      3.1985
      0.1387	      0.3453	      0.4034	     -2.3542	     -7.1541	     -0.5702	     -6.6706	     -9.1909	      3.2527
      0.1087	      0.3430	      0.4183	     -2.2595	     -7.1849	     -0.5256	     -6.5576	     -9.1492	      3.3029
      0.0785	      0.3402	      0.4279	     -2.1643	     -7.2144	     -0.4802	     -6.4436	     -9.1061	      3.3490
      0.0482	      0.3369	      0.4323	     -2.0688	     -7.2424	     -0.4340	     -6.3288	     -9.0617	      3.3912
      0.0178	      0.3333	      0.4314	     -1.9728	     -7.2690	     -0.3870	     -6.2130	     -9.0160	      3.4292
     -0.0126	      0.3292	      0.4252	     -1.8764	     -7.2941	     -0.3395	     -6.0962	     -8.9690	      3.4631
     -0.0431	      0.3247	      0.4137	     -1.7797	     -7.3178	     -0.2914	     -5.9787	     -8.9206	      3.4929
     -0.0734	      0.3196	      0.3971	     -1.6826	     -7.3401	     -0.2428	     -5.8602	     -8.8710	      3.5184
     -0.1037	      0.3140	      0.3753	     -1.5852	     -7.3608	     -0.1938	     -5.7409	     -8.8200	      3.5397
     -0.1337	      0.3079	      0.3486	     -1.4874	     -7.3801	     -0.1445	     -5.6207	     -8.7678	      3.5566
     -0.1635	      0.3012	      0.3172	     -1.3893	     -7.3978	     -0.0950	     -5.4997	     -8.7142	      3.5692
     -0.1929	      0.2938	      0.2813	     -1.2910	     -7.4141	     -0.0453	     -5.3778	     -8.6594	      3.5773
     -0.2219	      0.2859	      0.2412	     -1.1924	     -7.4288	      0.0045	     -5.2552	     -8.6032	      3.5810
     -0.2504	      0.2774	      0.1974	     -1.0935	     -7.4420	      0.0543	     -5.1317	     -8.5457	      3.5801
     -0.2783	      0.2683	      0.1504	     -0.9945	     -7.4536	      0.1040	     -5.0075	     -8.4869	      3.5746
     -0.3056	      0.2585	      0.1008	     -0.8952	     -7.4638	      0.1535	     -4.8825	     -8.4268	      3.5644
     -0.3322	      0.2482	      0.0495	     -0.7957	     -7.4724	      0.2028	     -4.7566	     -8.3653	      3.5494
     -0.3579	      0.2372	     -0.0027	     -0.6961	     -7.4795	      0.2517	     -4.6300	     -8.3024	      3.5296
     -0.3828	      0.2257	     -0.0549	     -0.5963	     -7.4851	      0.3002	     -4.5026	     -8.2381	      3.5048
     -0.4068	      0.2137	     -0.1061	     -0.4964	     -7.4891	      0.3481	     -4.3745	     -8.1724	      3.4751
     -0.4299	      0.2013	     -0.1555	     -0.3964	     -7.4917	      0.3956	     -4.2455	     -8.1053	      3.4402
     -0.4522	      0.1884	     -0.2023	     -0.2964	     -7.4928	      0.4423	     -4.1158	     -8.0366	      3.4001
     -0.4735	      0.1751	     -0.2459	     -0.1962	     -7.4923	      0.4884	     -3.9853	     -7.9665	      3.3546
     -0.4939	      0.1615	     -0.2859	     -0.0961	     -7.4904	      0.5336	     -3.8540	     -7.8948	      3.3037
     -0.5134	      0.1476	     -0.3218	      0.0041	     -7.4871	      0.5780	     -3.7220	     -7.8215	      3.2472
     -0.5321	      0.1335	     -0.3533	      0.1043	     -7.4823	      0.6215	     -3.5892	     -7.7465	      3.1850
     -0.5499	      0.1192	     -0.3802	      0.2045	     -7.4761	      0.6639	     -3.4555	     -7.6698	      3.1169
     -0.5668	      0.1047	     -0.4023	      0.3046	     -7.4684	      0.7054	     -3.3211	     -7.5914	      3.0429
     -0.5829	      0.0900	     -0.4194	      0.4046	     -7.4594	      0.7458	     -3.1859	     -7.5111	      2.9627
     -0.5981	      0.0751	     -0.4315	      0.5046	     -7.4489	      0.7850	     -3.0498	     -7.4290	      2.8762
     -0.6124	      0.0602	     -0.4385	      0.6045	     -7.4372	      0.8230	     -2.9130	     -7.3448	      2.7833
     -0.6258	      0.0452	     -0.4404	      0.7043	     -7.4240	      0.8598	     -2.7753	     -7.2585	      2.6838
     -0.6384	      0.0301	     -0.4372	      0.8040	     -7.4095	      0.8954	     -2.6367	     -7.1701	      2.5776
     -0.6500	      0.0150	     -0.4288	      0.9035	     -7.3938	      0.9296	     -2.4974	     -7.0794	      2.4645
     -0.6607	     -0.0001	     -0.4154	      1.0029	     -7.3767	      0.9625	     -2.3572	     -6.9862	      2.3443
     -0.6705	     -0.0153	     -0.3971	      1.1021	     -7.3584	      0.9940	     -2.2161	     -6.8905	      2.2170
     -0.6792	     -0.0304	     -0.3739	      1.2011	     -7.3387	      1.0241	     -2.0741	     -6.7921	      2.0825
     -0.6869	     -0.0455	     -0.3461	      1.2999	     -7.3179	      1.0528	     -1.9313	     -6.6909	      1.9406
     -0.6935	     -0.0605	     -0.3139	      1.3985	     -7.2958	      1.0801	     -1.7876	     -6.5866	      1.7913
     -0.6990	     -0.0754	     -0.2775	      1.4968	     -7.2725	      1.1058	     -1.6430	     -6.4791	      1.6347
     -0.7034	     -0.0902	     -0.2373	      1.5949	     -7.2481	      1.1301	     -1.4976	     -6.3681	      1.4709
     -0.7065	     -0.1048	     -0.1937	      1.6928	     -7.2224	      1.1528	     -1.3513	     -6.2536	      1.3000
     -0.7084	     -0.1192	     -0.1473	      1.7903	     -7.1956	      1.1740	     -1.2041	     -6.1352	      1.1224
     -0.7089	     -0.1334	     -0.0986	      1.8876	     -7.1676	      1.1937	     -1.0562	     -6.0127	      0.9385
     -0.7081	     -0.1474	     -0.0483	      1.9846	     -7.1385	      1.2118	     -0.9075	     -5.8859	      0.7490
     -0.7059	     -0.1611	      0.0027	      2.0813	     -7.1083	      1.2284	     -0.7581	     -5.7545	      0.5546
     -0.7023	     -0.1744	      0.0537	      2.1776	     -7.0770	      1.2434	     -0.6081	     -5.6185	      0.3564
     -0.6973	     -0.1874	      0.1038	      2.2737	     -7.0446	      1.2568	     -0.4575	     -5.4776	      0.1556
     -0.6910	     -0.2001	      0.1523	      2.3693	     -7.0111	      1.2685	     -0.3065	     -5.3318	     -0.0464
     -0.6834	     -0.2124	      0.1985	      2.4646	     -6.9765	      1.2787	     -0.1553	     -5.1810	     -0.2481
     -0.6747	     -0.2243	      0.2417	      2.5596	     -6.9408	      1.2873	     -0.0038	     -5.0253	     -0.4477
     -0.6647	     -0.2358	      0.2815	      2.6541	     -6.9041	      1.2943	      0.1476	     -4.8649	     -0.6437
     -0.6537	     -0.2469	      0.3175	      2.7482	     -6.8664	      1.2996	      0.2989	     -4.7000	     -0.8345
     -0.6416	     -0.2577	      0.3493	      2.8419	     -6.8276	      1.3034	      0.4500	     -4.5310	     -1.0188
     -0.6285	     -0.2680	      0.3766	      2.9352	     -6.7878	      1.3055	      0.6007	     -4.3580	     -1.1953
     -0.6145	     -0.2779	      0.3993	      3.0281	     -6.7469	      1.3060	      0.7509	     -4.1815	     -1.3630
     -0.5996	     -0.2875	      0.4171	      3.1205	     -6.7051	      1.3048	      0.9007	     -4.0018	     -1.5212
     -0.5838	     -0.2966	      0.4300	      3.2124	     -6.6622	      1.3021	      1.0498	     -3.8194	     -1.6693
     -0.5672	     -0.3053	      0.4378	      3.3038	     -6.6183	      1.2977	      1.1983	     -3.6344	     -1.8068
     -0.5499	     -0.3136	      0.4405	      3.3948	     -6.5734	      1.2917	      1.3462	     -3.4473	     -1.9334
     -0.5317	     -0.3214	      0.4382	      3.4852	     -6.5276	      1.2841	      1.4933	     -3.2583	     -2.0489
     -0.5128	     -0.3288	      0.4306	      3.5751	     -6.4807	      1.2749	      1.6399	     -3.0676	     -2.1531
     -0.4932	     -0.3357	      0.4180	      3.6644	     -6.4328	      1.2641	      1.7857	     -2.8753	     -2.2461
     -0.4729	     -0.3422	      0.4004	      3.7532	     -6.3840	      1.2517	      1.9308	     -2.6818	     -2.3277
     -0.4518	     -0.3481	      0.3779	      3.8414	     -6.3342	      1.2377	      2.0751	     -2.4870	     -2.3980
     -0.4301	     -0.3536	      0.3506	      3.9290	     -6.2833	      1.2221	      2.2186	     -2.2910	     -2.4570
     -0.4078	     -0.3584	      0.3186	      4.0160	     -6.2315	      1.2050	      2.3610	     -2.0940	     -2.5048
     -0.3847	     -0.3628	      0.2824	      4.1023	     -6.1787	      1.1862	      2.5024	     -1.8958	     -2.5414
     -0.3611	     -0.3664	      0.2421	      4.1880	     -6.1250	      1.1660	      2.6424	     -1.6967	     -2.5668
     -0.3368	     -0.3695	      0.1982	      4.2731	     -6.0702	      1.1442	      2.7809	     -1.4966	     -2.5810
     -0.3118	     -0.3719	      0.1512	      4.3574	     -6.0145	      1.1208	      2.9176	     -1.2956	     -2.5842
     -0.2863	     -0.3735	      0.1017	      4.4410	     -5.9578	      1.0960	      3.0524	     -1.0938	     -2.5764
     -0.2602	     -0.3745	      0.0504	      4.5239	     -5.9001	      1.0697	      3.1852	     -0.8914	     -2.5575
     -0.2336	     -0.3746	     -0.0018	      4.6061	     -5.8414	      1.0419	      3.3157	     -0.6884	     -2.5276
     -0.2064	     -0.3740	     -0.0539	      4.6875	     -5.7818	      1.0127	      3.4438	     -0.4850	     -2.4867
     -0.1789	     -0.3726	     -0.1051	      4.7680	     -5.7211	      0.9821	      3.5695	     -0.2814	     -2.4349
     -0.1509	     -0.3705	     -0.1544	      4.8478	     -5.6595	      0.9500	      3.6926	     -0.0776	     -2.3721
     -0.1227	     -0.3677	     -0.2011	      4.9267	     -5.5969	      0.9166	      3.8131	      0.1261	     -2.2984
     -0.0943	     -0.3643	     -0.2445	      5.0048	     -5.5333	      0.8819	      3.9309	      0.3297	     -2.2139
     -0.0657	     -0.3602	     -0.2843	      5.0819	     -5.4688	      0.8459	      4.0459	      0.5330	     -2.1186
     -0.0369	     -0.3556	     -0.3198	      5.1582	     -5.4032	      0.8087	      4.1580	      0.7358	     -2.0126
     -0.0081	     -0.3505	     -0.3508	      5.2335	     -5.3367	      0.7702	      4.2671	      0.9381	     -1.8961
      0.0207	     -0.3448	     -0.3771	      5.3078	     -5.2691	      0.7306	      4.3730	      1.1397	     -1.7692
      0.0495	     -0.3386	     -0.3985	      5.3812	     -5.2006	      0.6899	      4.4756	      1.3403	     -1.6324
      0.0782	     -0.3319	     -0.4147	      5.4535	     -5.1312	      0.6481	      4.5747	      1.5399	     -1.4859
      0.1069	     -0.3247	     -0.4258	      5.5248	     -5.0607	      0.6052	      4.6702	      1.7383	     -1.3303
      0.1353	     -0.3170	     -0.4316	      5.5951	     -4.9893	      0.5615	      4.7619	      1.9352	     -1.1662
      0.1635	     -0.3088	     -0.4321	      5.6642	     -4.9169	      0.5168	      4.8496	      2.1305	     -0.9944
      0.1914	     -0.3000	     -0.4273	      5.7323	     -4.8436	      0.4713	      4.9331	      2.3240	     -0.8158
      0.2190	     -0.2908	     -0.4173	      5.7992	     -4.7693	      0.4250	      5.0123	      2.5154	     -0.6316
      0.2462	     -0.2810	     -0.4021	      5.8650	     -4.6940	      0.3781	      5.0870	      2.7046	     -0.4429
      0.2730	     -0.2707	     -0.3817	      5.9296	     -4.6178	      0.3305	      5.1574	      2.8914	     -0.2510
      0.2992	     -0.2600	     -0.3564	      5.9931	     -4.5407	      0.2824	      5.2232	      3.0757	     -0.0574
      0.3249	     -0.2488	     -0.3264	      6.0553	     -4.4627	      0.2338	      5.2845	      3.2574	      0.1366
      0.3500	     -0.2372	     -0.2918	      6.1162	     -4.3838	      0.1848	      5.3415	      3.4363	      0.3296
      0.3744	     -0.2251	     -0.2530	      6.1760	     -4.3039	      0.1355	      5.3943	      3.6126	      0.5206
      0.3981	     -0.2126	     -0.2105	      6.2345	     -4.2232	      0.0860	      5.4430	      3.7861	      0.7084
      0.4210	     -0.1996	     -0.1646	      6.2917	     -4.1417	      0.0364	      5.4878	      3.9569	      0.8920
      0.4430	     -0.1863	     -0.1160	      6.3476	     -4.0593	     -0.0133	      5.5290	      4.1251	      1.0708
      0.4640	     -0.1725	     -0.0655	      6.4022	     -3.9760	     -0.0630	      5.5667	      4.2907	      1.2442
      0.4840	     -0.1584	     -0.0138	      6.4555	     -3.8920	     -0.1126	      5.6011	      4.4538	      1.4117
      0.5029	     -0.1439	      0.0381	      6.5075	     -3.8071	     -0.1620	      5.6325	      4.6145	      1.5729
      0.5208	     -0.1291	      0.0894	      6.5582	     -3.7215	     -0.2112	      5.6611	      4.7729	      1.7276
      0.5375	     -0.1141	      0.1391	      6.6075	     -3.6351	     -0.2599	      5.6870	      4.9290	      1.8757
      0.5532	     -0.0988	      0.1866	      6.6555	     -3.5480	     -0.3083	      5.7104	      5.0829	      2.0171
      0.5678	     -0.0833	      0.2312	      6.7022	     -3.4602	     -0.3561	      5.7315	      5.2348	      2.1518
      0.5814	     -0.0677	      0.2723	      6.7476	     -3.3717	     -0.4034	      5.7504	      5.3846	      2.2797
      0.5939	     -0.0519	      0.3095	      6.7916	     -3.2825	     -0.4500	      5.7672	      5.5325	      2.4010
      0.6054	     -0.0361	      0.3425	      6.8343	     -3.1927	     -0.4959	      5.7821	      5.6786	      2.5157
      0.6160	     -0.0202	      0.3711	      6.8757	     -3.1023	     -0.5410	      5.7952	      5.8229	      2.6240
      0.6256	     -0.0042	      0.3949	      6.9158	     -3.0113	     -0.5852	      5.8065	      5.9654	      2.7258
      0.6343	      0.0117	      0.4139	      6.9545	     -2.9197	     -0.6285	      5.8162	      6.1063	      2.8214
      0.6420	      0.0276	      0.4280	      6.9920	     -2.8276	     -0.6709	      5.8244	      6.2455	      2.9109
      0.6488	      0.0435	      0.4370	      7.0282	     -2.7349	     -0.7122	      5.8311	      6.3832	      2.9944
      0.6547	      0.0593	      0.4409	      7.0630	     -2.6418	     -0.7525	      5.8364	      6.5193	      3.0719
      0.6597	      0.0750	      0.4397	      7.0967	     -2.5481	     -0.7916	      5.8403	      6.6540	      3.1438
      0.6637	      0.0906	      0.4334	      7.1290	     -2.4541	     -0.8296	      5.8430	      6.7871	      3.2099
      0.6668	      0.1061	      0.4221	      7.1601	     -2.3595	     -0.8663	      5.8444	      6.9189	      3.2706
      0.6690	      0.1215	      0.4057	      7.1899	     -2.2646	     -0.9019	      5.8447	      7.0492	      3.3258
      0.6701	      0.1366	      0.3846	      7.2185	     -2.1693	     -0.9361	      5.8438	      7.1782	      3.3758
      0.6703	      0.1516	      0.3587	      7.2459	     -2.0736	     -0.9690	      5.8418	      7.3058	      3.4205
      0.6694	      0.1663	      0.3282	      7.2720	     -1.9776	     -1.0006	      5.8387	      7.4321	      3.4601
      0.6674	      0.1808	      0.2935	      7.2970	     -1.8812	     -1.0309	      5.8346	      7.5570	      3.4947
      0.6644	      0.1950	      0.2548	      7.3207	     -1.7845	     -1.0597	      5.8295	      7.6807	      3.5243
      0.6602	      0.2088	      0.2126	      7.3433	     -1.6876	     -1.0871	      5.8234	      7.8030	      3.5491
      0.6549	      0.2223	      0.1672	      7.3647	     -1.5903	     -1.1131	      5.8164	      7.9241	      3.5692
      0.6483	      0.2353	      0.1192	      7.3849	     -1.4929	     -1.1377	      5.8084	      8.0439	      3.5845
      0.6405	      0.2479	      0.0694	      7.4040	     -1.3951	     -1.1607	      5.7995	      8.1624	      3.5951
      0.6315	      0.2600	      0.0185	      7.4219	     -1.2972	     -1.1823	      5.7897	      8.2797	      3.6012
      0.6212	      0.2716	     -0.0327	      7.4387	     -1.1991	     -1.2024	      5.7790	      8.3957	      3.6028
      0.6096	      0.2827	     -0.0834	      7.4544	     -1.1008	     -1.2210	      5.7675	      8.5104	      3.5999
      0.5969	      0.2932	     -0.1328	      7.4689	     -1.0023	     -1.2381	      5.7550	      8.6238	      3.5926
      0.5830	      0.3031	     -0.1800	      7.4823	     -0.9037	     -1.2537	      5.7418	      8.7360	      3.5809
      0.5681	      0.3125	     -0.2246	      7.4947	     -0.8049	     -1.2677	      5.7276	      8.8469	      3.5649
      0.5521	      0.3213	     -0.2658	      7.5059	     -0.7060	     -1.2802	      5.7127	      8.9564	      3.5446
      0.5352	      0.3296	     -0.3032	      7.5160	     -0.6070	     -1.2912	      5.6969	      9.0647	      3.5200
      0.5174	      0.3374	     -0.3366	      7.5250	     -0.5080	     -1.3006	      5.6802	      9.1716	      3.4912
      0.4988	      0.3446	     -0.3655	      7.5329	     -0.4088	     -1.3084	      5.6628	      9.2772	      3.4582
      0.4795	      0.3513	     -0.3897	      7.5398	     -0.3096	     -1.3147	      5.6445	      9.3814	      3.4210
      0.4594	      0.3574	     -0.4091	      7.5455	     -0.2104	     -1.3195	      5.6253	      9.4843	      3.3798
      0.4387	      0.3631	     -0.4235	      7.5502	     -0.1111	     -1.3227	      5.6054	      9.5857	      3.3344
      0.4174	      0.3682	     -0.4329	      7.5538	     -0.0118	     -1.3243	      5.5846	      9.6858	      3.2849
      0.3954	      0.3729	     -0.4370	      7.5563	      0.0875	     -1.3244	      5.5629	      9.7843	      3.2314
      0.3729	      0.3770	     -0.4361	      7.5578	      0.1868	     -1.3230	      5.5404	      9.8814	      3.1738
      0.3499	      0.3805	     -0.4299	      7.5582	      0.2861	     -1.3200	      5.5171	      9.9769	      3.1123
      0.3264	      0.3836	     -0.4185	      7.5575	      0.3853	     -1.3154	      5.4929	     10.0710	      3.0467
      0.3024	      0.3861	     -0.4021	      7.5557	      0.4844	     -1.3093	      5.4679	     10.1634	      2.9773
      0.2780	      0.3880	     -0.3806	      7.5528	      0.5835	     -1.3016	      5.4419	     10.2542	      2.9039
      0.2532	      0.3894	     -0.3543	      7.5489	      0.6825	     -1.2925	      5.4151	     10.3433	      2.8266
      0.2280	      0.3902	     -0.3232	      7.5438	      0.7815	     -1.2818	      5.3874	     10.4307	      2.7455
      0.2024	      0.3903	     -0.2877	      7.5377	      0.8802	     -1.2695	      5.3588	     10.5164	      2.6606
      0.1765	      0.3899	     -0.2481	      7.5305	      0.9789	     -1.2558	      5.3292	     10.6002	      2.5720
      0.1502	      0.3887	     -0.2047	      7.5222	      1.0774	     -1.2406	      5.2988	     10.6822	      2.4796
      0.1237	      0.3869	     -0.1580	      7.5128	      1.1758	     -1.2238	      5.2674	     10.7623	      2.3837
